Rowid_,VALUE,SRCID_FEAT,SRCID_RAST
,0.151069894433022,0,0
,0.163973525166512,0,1
,0.182012796401978,0,2
,0.200703814625740,0,3
,0.222477421164513,0,4
,0.245293468236923,0,5
,0.271310418844223,0,6
,0.301789522171021,0,7
,0.385713517665863,0,8
,0.698334753513336,0,9
,1.047418832778931,0,10
,1.267837762832642,0,11
,1.452693700790405,0,12
,1.593055605888367,0,13
,1.638415813446045,0,14
,1.558082461357117,0,15
,1.385905265808106,0,16
,1.163936734199524,0,17
,0.906563460826874,0,18
,0.642392635345459,0,19
,0.426171302795410,0,20
,0.276110321283340,0,21
,0.182020470499992,0,22
,0.151531144976616,0,23
,0.159439414739609,0,24
,0.177408307790756,0,25
,0.184445276856422,0,26
,0.218102440237999,0,27
,0.254713982343674,0,28
,0.277089059352875,0,29
,0.300498574972153,0,30
,0.414086580276489,0,31
,0.452941656112671,0,32
,0.755621969699860,0,33
,1.019807457923889,0,34
,1.121126294136047,0,35
,1.439138293266296,0,36
,1.062003135681152,0,37
,1.038423299789429,0,38
,1.439533710479736,0,39
,1.466596961021423,0,40
,1.150665163993835,0,41
,0.913385570049286,0,42
,0.636193633079529,0,43
,0.420019865036011,0,44
,0.265881240367889,0,45
,0.178797572851181,0,46
,0.149201825261116,0,47
,0.157193601131439,0,48
,0.176202535629272,0,49
,0.182606920599937,0,50
,0.212516397237778,0,51
,0.235231012105942,0,52
,0.261305779218674,0,53
,0.289823710918427,0,54
,0.417231947183609,0,55
,0.520504653453827,0,56
,0.759290516376495,0,57
,1.012999892234802,0,58
,1.246458649635315,0,59
,1.443582534790039,0,60
,1.574272155761719,0,61
,1.611026048660278,0,62
,1.538156032562256,0,63
,1.382774591445923,0,64
,1.153255462646484,0,65
,0.879333496093750,0,66
,0.620369791984558,0,67
,0.410447746515274,0,68
,0.260613769292831,0,69
,0.175258159637451,0,70
,0.146441817283630,0,71
,0.154720097780228,0,72
,0.175725594162941,0,73
,0.184709012508392,0,74
,0.214394479990005,0,75
,0.238667801022530,0,76
,0.264385610818863,0,77
,0.294732272624969,0,78
,0.412378221750259,0,79
,0.504143595695496,0,80
,0.734577000141144,0,81
,0.981823444366455,0,82
,1.217233657836914,0,83
,1.422093033790588,0,84
,1.544755339622498,0,85
,1.580335497856140,0,86
,1.512565255165100,0,87
,1.356292009353638,0,88
,1.135495662689209,0,89
,0.874060034751892,0,90
,0.619434714317322,0,91
,0.407541066408157,0,92
,0.257439285516739,0,93
,0.171960562467575,0,94
,0.143878206610680,0,95
,0.152104735374451,0,96
,0.171969830989838,0,97
,0.182856068015099,0,98
,0.212574303150177,0,99
,0.235431507229805,0,100
,0.258569091558456,0,101
,0.296471536159515,0,102
,0.363170981407166,0,103
,0.483585238456726,0,104
,0.644859611988068,0,105
,0.924323320388794,0,106
,1.135751962661743,0,107
,1.226071000099182,0,108
,1.550201535224915,0,109
,1.578684449195862,0,110
,1.515244960784912,0,111
,1.360455989837647,0,112
,1.085997343063355,0,113
,0.825704336166382,0,114
,0.603856265544891,0,115
,0.400179028511047,0,116
,0.253223419189453,0,117
,0.168483927845955,0,118
,0.141032934188843,0,119
,0.149667456746101,0,120
,0.170091629028320,0,121
,0.180108010768890,0,122
,0.211788699030876,0,123
,0.259421765804291,0,124
,0.266126006841660,0,125
,0.298603266477585,0,126
,0.355742275714874,0,127
,0.407340317964554,0,128
,0.445299744606018,0,129
,0.580042064189911,0,130
,0.846631824970245,0,131
,1.036821007728577,0,132
,1.111812591552734,0,133
,1.030928373336792,0,134
,1.137558579444885,0,135
,0.802574336528778,0,136
,1.082122206687927,0,137
,0.770241916179657,0,138
,0.526731610298157,0,139
,0.394923180341721,0,140
,0.248493358492851,0,141
,0.164498835802078,0,142
,0.138818249106407,0,143
,0.146171927452087,0,144
,0.169249728322029,0,145
,0.189274862408638,0,146
,0.223855838179588,0,147
,0.259633302688599,0,148
,0.293185353279114,0,149
,0.313013941049576,0,150
,0.381903082132339,0,151
,0.450339794158936,0,152
,0.572846114635468,0,153
,0.794450640678406,0,154
,1.127928853034973,0,155
,1.231060981750488,0,156
,1.199421048164368,0,157
,1.384925127029419,0,158
,1.422236561775208,0,159
,1.254988551139832,0,160
,1.037689208984375,0,161
,0.819712221622467,0,162
,0.565981745719910,0,163
,0.363276392221451,0,164
,0.237180173397064,0,165
,0.156238287687302,0,166
,0.133074626326561,0,167
,0.140883535146713,0,168
,0.157249495387077,0,169
,0.181022748351097,0,170
,0.201475545763969,0,171
,0.248917967081070,0,172
,0.273585379123688,0,173
,0.292609483003616,0,174
,0.357103675603867,0,175
,0.373832732439041,0,176
,0.456370860338211,0,177
,0.492891043424606,0,178
,0.600407421588898,0,179
,0.837711155414581,0,180
,1.433113574981690,0,181
,1.530828833580017,0,182
,1.473835349082947,0,183
,1.314636588096619,0,184
,1.094714045524597,0,185
,0.840665638446808,0,186
,0.588029742240906,0,187
,0.388131409883499,0,188
,0.239725008606911,0,189
,0.157666295766830,0,190
,0.131156459450722,0,191
,0.140942737460136,0,192
,0.163924157619476,0,193
,0.176318079233170,0,194
,0.203732669353485,0,195
,0.230330824851990,0,196
,0.257250159978867,0,197
,0.289804399013519,0,198
,0.387713104486465,0,199
,0.456458359956741,0,200
,0.695869088172913,0,201
,0.987489640712738,0,202
,1.223991751670837,0,203
,1.414729833602905,0,204
,1.582287192344666,0,205
,1.630070924758911,0,206
,1.508977055549622,0,207
,1.333391070365906,0,208
,1.105985879898071,0,209
,0.851961731910706,0,210
,0.590767562389374,0,211
,0.379398345947266,0,212
,0.233363181352615,0,213
,0.152728140354156,0,214
,0.127782464027405,0,215
,0.137931257486343,0,216
,0.161603927612305,0,217
,0.175473660230637,0,218
,0.202444404363632,0,219
,0.228775441646576,0,220
,0.254837155342102,0,221
,0.283063292503357,0,222
,0.376476198434830,0,223
,0.447257429361343,0,224
,0.683440744876862,0,225
,0.988960564136505,0,226
,1.213873863220215,0,227
,1.406308650970459,0,228
,1.541462540626526,0,229
,1.580389738082886,0,230
,1.497673392295837,0,231
,1.325032472610474,0,232
,1.117888450622559,0,233
,0.787501871585846,0,234
,0.457453012466431,0,235
,0.368736237287521,0,236
,0.208727762103081,0,237
,0.147805243730545,0,238
,0.123996756970882,0,239
,0.134332895278931,0,240
,0.158349722623825,0,241
,0.181852802634239,0,242
,0.205165982246399,0,243
,0.234264194965363,0,244
,0.265780627727509,0,245
,0.314054131507874,0,246
,0.345574349164963,0,247
,0.377151727676392,0,248
,0.437782794237137,0,249
,0.488355159759521,0,250
,0.443925142288208,0,251
,0.603653609752655,0,252
,0.622223258018494,0,253
,0.656328380107880,0,254
,0.659530103206635,0,255
,0.569494307041168,0,256
,0.543063402175903,0,257
,0.404064893722534,0,258
,0.281156003475189,0,259
,0.256481826305389,0,260
,0.177188411355019,0,261
,0.134047567844391,0,262
,0.121752001345158,0,263
,0.128593996167183,0,264
,0.152400016784668,0,265
,0.178773820400238,0,266
,0.206902235746384,0,267
,0.238348945975304,0,268
,0.272456079721451,0,269
,0.319694608449936,0,270
,0.420694947242737,0,271
,0.569159507751465,0,272
,0.774825453758240,0,273
,0.959477365016937,0,274
,1.172499418258667,0,275
,1.363063454627991,0,276
,1.497585415840149,0,277
,1.521134018898010,0,278
,1.449321508407593,0,279
,1.292220115661621,0,280
,1.070564270019531,0,281
,0.811001121997833,0,282
,0.568629384040833,0,283
,0.361078411340714,0,284
,0.217518553137779,0,285
,0.139058008790016,0,286
,0.120171874761581,0,287
,0.127220466732979,0,288
,0.158410936594009,0,289
,0.175422057509422,0,290
,0.200776904821396,0,291
,0.226902410387993,0,292
,0.250882446765900,0,293
,0.283145815134048,0,294
,0.323920011520386,0,295
,0.388530433177948,0,296
,0.645427107810974,0,297
,0.952502667903900,0,298
,1.046349644660950,0,299
,0.742536067962646,0,300
,1.043940424919128,0,301
,1.397222876548767,0,302
,1.509688258171082,0,303
,1.280201554298401,0,304
,0.898261666297913,0,305
,0.489500403404236,0,306
,0.285440057516098,0,307
,0.348251044750214,0,308
,0.210792139172554,0,309
,0.129190415143967,0,310
,0.118492484092712,0,311
,0.123440958559513,0,312
,0.151389628648758,0,313
,0.170111596584320,0,314
,0.197006464004517,0,315
,0.224458873271942,0,316
,0.250738024711609,0,317
,0.278960794210434,0,318
,0.346710830926895,0,319
,0.388828754425049,0,320
,0.570018112659454,0,321
,0.951558709144592,0,322
,0.862652242183685,0,323
,0.900840699672699,0,324
,1.054156541824341,0,325
,0.955200076103210,0,326
,1.209574699401856,0,327
,0.952779412269592,0,328
,0.819905102252960,0,329
,0.515508949756622,0,330
,0.299088567495346,0,331
,0.237775579094887,0,332
,0.157423838973045,0,333
,0.125628679990768,0,334
,0.116709515452385,0,335
,0.121151812374592,0,336
,0.144018009305000,0,337
,0.171249121427536,0,338
,0.191986009478569,0,339
,0.217616796493530,0,340
,0.241860166192055,0,341
,0.272652238607407,0,342
,0.341212719678879,0,343
,0.391997814178467,0,344
,0.437385022640228,0,345
,0.911949217319489,0,346
,0.892282426357269,0,347
,1.242808222770691,0,348
,1.026114821434021,0,349
,0.933416128158569,0,350
,0.744719266891479,0,351
,0.859062314033508,0,352
,0.965765535831451,0,353
,0.779727041721344,0,354
,0.497695237398148,0,355
,0.344319105148315,0,356
,0.196182742714882,0,357
,0.123132616281509,0,358
,0.114818103611469,0,359
,0.119278028607368,0,360
,0.145416706800461,0,361
,0.166129618883133,0,362
,0.193778336048126,0,363
,0.224346339702606,0,364
,0.254620462656021,0,365
,0.284969717264175,0,366
,0.309308171272278,0,367
,0.351497769355774,0,368
,0.414039075374603,0,369
,0.629693925380707,0,370
,1.213169455528259,0,371
,1.261755824089050,0,372
,0.894600272178650,0,373
,1.262193441390991,0,374
,0.950091183185577,0,375
,1.090148091316223,0,376
,0.755696475505829,0,377
,0.438733041286469,0,378
,0.445819199085236,0,379
,0.254607141017914,0,380
,0.173457294702530,0,381
,0.119278028607368,0,382
,0.112812750041485,0,383
,0.117296524345875,0,384
,0.143512994050980,0,385
,0.167561829090118,0,386
,0.196799755096436,0,387
,0.228004515171051,0,388
,0.262529402971268,0,389
,0.294161826372147,0,390
,0.332752794027328,0,391
,0.368015110492706,0,392
,0.428326010704041,0,393
,0.511130154132843,0,394
,0.625115096569061,0,395
,1.037526965141296,0,396
,1.095761656761169,0,397
,0.940884888172150,0,398
,0.785024225711823,0,399
,0.416288107633591,0,400
,0.480659931898117,0,401
,0.676345407962799,0,402
,0.531316459178925,0,403
,0.327685087919235,0,404
,0.185595691204071,0,405
,0.117296524345875,0,406
,0.110687151551247,0,407
,0.115201666951180,0,408
,0.142314225435257,0,409
,0.171630874276161,0,410
,0.199455395340919,0,411
,0.226324498653412,0,412
,0.257197052240372,0,413
,0.288158714771271,0,414
,0.294051975011826,0,415
,0.306498616933823,0,416
,0.348683327436447,0,417
,0.393280953168869,0,418
,0.624188840389252,0,419
,0.817306220531464,0,420
,0.515768051147461,0,421
,0.525642812252045,0,422
,0.470450103282928,0,423
,0.643505990505219,0,424
,0.541093051433563,0,425
,0.360377371311188,0,426
,0.302754729986191,0,427
,0.241373002529144,0,428
,0.168148055672646,0,429
,0.115201666951180,0,430
,0.108434118330479,0,431
,0.112987078726292,0,432
,0.138552367687225,0,433
,0.171979874372482,0,434
,0.194035604596138,0,435
,0.217858016490936,0,436
,0.237323790788651,0,437
,0.263500213623047,0,438
,0.300243228673935,0,439
,0.314373522996902,0,440
,0.450771331787109,0,441
,0.489177674055099,0,442
,0.645668923854828,0,443
,0.521395623683929,0,444
,0.490165650844574,0,445
,0.514698505401611,0,446
,0.661162376403809,0,447
,0.627190232276917,0,448
,0.438678652048111,0,449
,0.332897067070007,0,450
,0.276132375001907,0,451
,0.208204522728920,0,452
,0.141575306653976,0,453
,0.112987078726292,0,454
,0.106045350432396,0,455
,0.110645435750484,0,456
,0.129447624087334,0,457
,0.154244214296341,0,458
,0.180287644267082,0,459
,0.206537142395973,0,460
,0.229611590504646,0,461
,0.253548026084900,0,462
,0.290894448757172,0,463
,0.310138285160065,0,464
,0.369033247232437,0,465
,0.491207748651505,0,466
,0.495253235101700,0,467
,0.598786950111389,0,468
,0.829719245433807,0,469
,1.103271842002869,0,470
,0.684271752834320,0,471
,0.878342688083649,0,472
,0.613905966281891,0,473
,0.422157227993011,0,474
,0.307275027036667,0,475
,0.222268983721733,0,476
,0.143987774848938,0,477
,0.110645435750484,0,478
,0.103511229157448,0,479
,0.108168326318264,0,480
,0.130461975932121,0,481
,0.167203992605209,0,482
,0.195282220840454,0,483
,0.228775903582573,0,484
,0.249973729252815,0,485
,0.278914898633957,0,486
,0.306865811347961,0,487
,0.391287982463837,0,488
,0.476428776979446,0,489
,0.664171397686005,0,490
,0.711619615554810,0,491
,0.648267805576324,0,492
,0.710157930850983,0,493
,0.767667829990387,0,494
,0.739252924919128,0,495
,0.777422368526459,0,496
,0.560758769512177,0,497
,0.440760612487793,0,498
,0.341131120920181,0,499
,0.249333664774895,0,500
,0.153226152062416,0,501
,0.108168326318264,0,502
,0.100820481777191,0,503
,0.105545982718468,0,504
,0.126988157629967,0,505
,0.161498203873634,0,506
,0.191149905323982,0,507
,0.215212523937225,0,508
,0.243120834231377,0,509
,0.270530134439468,0,510
,0.307350784540176,0,511
,0.350966691970825,0,512
,0.431944906711578,0,513
,1.026554703712463,0,514
,1.195052027702332,0,515
,1.373975515365601,0,516
,1.309331417083740,0,517
,1.421829104423523,0,518
,1.387116909027100,0,519
,1.126664757728577,0,520
,0.746093928813934,0,521
,0.574254035949707,0,522
,0.379723876714706,0,523
,0.248608961701393,0,524
,0.152065083384514,0,525
,0.105545982718468,0,526
,0.097959823906422,0,527
,0.102766990661621,0,528
,0.124058604240417,0,529
,0.155841648578644,0,530
,0.186929136514664,0,531
,0.212085381150246,0,532
,0.238522350788116,0,533
,0.296941369771957,0,534
,0.316599875688553,0,535
,0.413029849529266,0,536
,0.491501659154892,0,537
,0.609326541423798,0,538
,0.752774596214294,0,539
,0.951154589653015,0,540
,0.987572014331818,0,541
,1.115448713302612,0,542
,0.952090084552765,0,543
,1.086900115013123,0,544
,0.945411503314972,0,545
,0.731883525848389,0,546
,0.469343572854996,0,547
,0.271383702754974,0,548
,0.140228003263474,0,549
,0.102766990661621,0,550
,0.094913400709629,0,551
,0.099817879498005,0,552
,0.121307455003262,0,553
,0.158011525869370,0,554
,0.183294579386711,0,555
,0.212221100926399,0,556
,0.238277658820152,0,557
,0.273213833570480,0,558
,0.305250167846680,0,559
,0.389160543680191,0,560
,0.499157220125198,0,561
,0.897445201873779,0,562
,1.016873359680176,0,563
,1.413860201835632,0,564
,1.519690275192261,0,565
,1.152555584907532,0,566
,0.790756940841675,0,567
,0.766872763633728,0,568
,0.505365550518036,0,569
,0.392702877521515,0,570
,0.249179899692535,0,571
,0.163579121232033,0,572
,0.123363621532917,0,573
,0.099817879498005,0,574
,0.091662071645260,0,575
,0.096682593226433,0,576
,0.117761261761189,0,577
,0.147812247276306,0,578
,0.178792893886566,0,579
,0.207344755530357,0,580
,0.230948075652123,0,581
,0.246219933032990,0,582
,0.265454828739166,0,583
,0.296290010213852,0,584
,0.339280039072037,0,585
,0.444213300943375,0,586
,0.570644080638886,0,587
,0.801558017730713,0,588
,0.525169253349304,0,589
,0.464879661798477,0,590
,0.389051377773285,0,591
,0.323209851980209,0,592
,0.270641028881073,0,593
,0.221599280834198,0,594
,0.201614171266556,0,595
,0.154672980308533,0,596
,0.118197716772556,0,597
,0.096682593226433,0,598
,0.088182359933853,0,599
,0.093341737985611,0,600
,0.115082733333111,0,601
,0.142893105745316,0,602
,0.172251448035240,0,603
,0.205265164375305,0,604
,0.229454845190048,0,605
,0.251158237457275,0,606
,0.281391322612762,0,607
,0.327020078897476,0,608
,0.379311323165894,0,609
,0.475271016359329,0,610
,0.687332749366760,0,611
,0.727549254894257,0,612
,1.163522839546204,0,613
,1.366059899330139,0,614
,1.568930506706238,0,615
,0.645061969757080,0,616
,0.596258997917175,0,617
,0.439474612474442,0,618
,0.318879663944244,0,619
,0.252775102853775,0,620
,0.117532774806023,0,621
,0.093341737985611,0,622
,0.084444999694824,0,623
,0.089771546423435,0,624
,0.112327687442303,0,625
,0.143206521868706,0,626
,0.173815339803696,0,627
,0.201505109667778,0,628
,0.227931022644043,0,629
,0.254403114318848,0,630
,0.283710896968842,0,631
,0.315426856279373,0,632
,0.458526998758316,0,633
,0.834281325340271,0,634
,1.041701316833496,0,635
,1.254214644432068,0,636
,1.367977619171143,0,637
,1.398376107215881,0,638
,1.340894699096680,0,639
,1.189864397048950,0,640
,0.845536589622498,0,641
,0.585988640785217,0,642
,0.428193032741547,0,643
,0.237528190016747,0,644
,0.112327687442303,0,645
,0.089771546423435,0,646
,0.080412715673447,0,647
,0.085942402482033,0,648
,0.109423108398914,0,649
,0.142409816384315,0,650
,0.172290802001953,0,651
,0.201432988047600,0,652
,0.230509415268898,0,653
,0.265294790267944,0,654
,0.289748132228851,0,655
,0.323128610849380,0,656
,0.444112896919250,0,657
,0.760841786861420,0,658
,0.973155796527863,0,659
,1.166921734809876,0,660
,1.255372762680054,0,661
,1.326715946197510,0,662
,1.293148279190064,0,663
,1.052575588226318,0,664
,0.431290864944458,0,665
,0.293825864791870,0,666
,0.409636139869690,0,667
,0.241047322750092,0,668
,0.109423108398914,0,669
,0.085942402482033,0,670
,0.076036825776100,0,671
,0.081816568970680,0,672
,0.106356419622898,0,673
,0.138581037521362,0,674
,0.169880554080009,0,675
,0.199266850948334,0,676
,0.221000462770462,0,677
,0.248662561178207,0,678
,0.293300837278366,0,679
,0.329060345888138,0,680
,0.402038872241974,0,681
,0.469729423522949,0,682
,0.517576813697815,0,683
,0.601534008979797,0,684
,0.880993425846100,0,685
,0.773364365100861,0,686
,0.839332878589630,0,687
,0.643715977668762,0,688
,0.464057087898254,0,689
,0.349123299121857,0,690
,0.269891530275345,0,691
,0.168811768293381,0,692
,0.106356419622898,0,693
,0.081816568970680,0,694
,0.071251638233662,0,695
,0.077344782650471,0,696
,0.103112719953060,0,697
,0.136076614260674,0,698
,0.169959187507629,0,699
,0.197465330362320,0,700
,0.226917877793312,0,701
,0.263108968734741,0,702
,0.322455972433090,0,703
,0.392341613769531,0,704
,0.468352913856506,0,705
,0.614492833614349,0,706
,0.656139075756073,0,707
,0.772447526454926,0,708
,0.676743090152740,0,709
,1.286707282066345,0,710
,1.127325415611267,0,711
,0.977995157241821,0,712
,0.658403158187866,0,713
,0.342946290969849,0,714
,0.308698475360870,0,715
,0.207670882344246,0,716
,0.103112719953060,0,717
,0.077344782650471,0,718
,0.065964780747890,0,719
,0.072460561990738,0,720
,0.099674180150032,0,721
,0.132609069347382,0,722
,0.164313882589340,0,723
,0.195429965853691,0,724
,0.218686491250992,0,725
,0.243297934532166,0,726
,0.269492506980896,0,727
,0.329254806041718,0,728
,0.322664797306061,0,729
,0.331928193569183,0,730
,0.508535027503967,0,731
,0.563021421432495,0,732
,0.560015797615051,0,733
,0.709259986877441,0,734
,0.539436519145966,0,735
,0.411177754402161,0,736
,0.581875503063202,0,737
,0.464056491851807,0,738
,0.269163936376572,0,739
,0.154804781079292,0,740
,0.099674180150032,0,741
,0.072460561990738,0,742
,0.060039032250643,0,743