   1.0000000e+00   1.8300000e+02   1.0000000e+00   7.0750000e+00   2.8021667e+00   6.7842262e+01   0.0000000e+00   4.2925781e-01   3.1052731e+02   3.1563698e+02   6.2732609e+01   4.5666431e+01   1.5331954e+01   1.2373101e+02   5.3451792e+03   1.5955761e+01
   2.0000000e+00   1.8300000e+02   2.0000000e+00   2.9700000e+00   1.4802917e+00   1.5084431e+02   0.0000000e+00   4.2925781e-01   2.8146356e+02   3.1563698e+02   1.1667091e+02   1.3397727e+01  -6.6181236e+00   1.2345052e+02   5.3330620e+03   1.5919588e+01
   3.0000000e+00   1.8400000e+02   1.0000000e+00   5.9100000e-01   8.4562500e-01   7.0423698e+01   0.0000000e+00   4.2925781e-01   2.9514301e+02   3.1563698e+02   4.9929718e+01   1.0148652e+01  -5.8762738e+00   5.4202091e+01   2.3415305e+03   6.9896436e+00
   4.0000000e+00   1.8400000e+02   2.0000000e+00   3.7540000e+00   2.1320833e+00   1.3473099e+02   0.0000000e+00   4.2925781e-01   2.7870398e+02   3.1563698e+02   9.7798004e+01   1.8082937e+01  -5.6493157e+00   1.1023164e+02   4.7620073e+03   1.4214947e+01
   5.0000000e+00   1.8500000e+02   1.0000000e+00   2.2280000e+00   1.5700833e+00   7.2223396e+01   0.0000000e+00   4.2925781e-01   2.8405386e+02   3.1563698e+02   4.0640270e+01   1.5580974e+01  -6.7185995e+00   4.9502644e+01   2.1385142e+03   6.3836246e+00
   6.0000000e+00   1.8500000e+02   2.0000000e+00   4.9130000e+00   3.2644583e+00   1.4843730e+02   0.0000000e+00   4.2925781e-01   2.7196494e+02   3.1563698e+02   1.0476524e+02   2.3559982e+01  -3.6467868e+00   1.2467843e+02   5.3861089e+03   1.6077936e+01
   7.0000000e+00   1.8600000e+02   1.0000000e+00   5.7320000e+00   3.4818750e+00   7.0982933e+01   0.0000000e+00   4.2925781e-01   2.7859732e+02   3.1563698e+02   3.3943298e+01   1.9072660e+01  -1.0302168e+00   5.1985737e+01   2.2457842e+03   6.7038326e+00
   8.0000000e+00   1.8600000e+02   2.0000000e+00   8.2500000e+00   4.7779167e+00   1.4619060e+02   0.0000000e+00   4.2925781e-01   2.8132437e+02   3.1563698e+02   1.1187795e+02   3.5337940e+01   2.2587483e+00   1.4947466e+02   6.4573042e+03   1.9275539e+01
   9.0000000e+00   1.8700000e+02   1.0000000e+00   9.7700000e+00   4.9020833e+00   6.6818535e+01   0.0000000e+00   4.2925781e-01   2.8696939e+02   3.1563698e+02   3.8150944e+01   3.6010544e+01   4.0259466e+00   7.8187439e+01   3.3776973e+03   1.0082679e+01
   1.0000000e+01   1.8700000e+02   2.0000000e+00   1.0370000e+01   5.6604167e+00   1.4199409e+02   0.0000000e+00   4.2925781e-01   2.8804404e+02   3.1563698e+02   1.1440119e+02   3.6231190e+01   5.3722934e+00   1.5600465e+02   6.7394004e+03   2.0117617e+01
   1.1000000e+01   1.8800000e+02   1.0000000e+00   1.1520000e+01   5.1804167e+00   5.5060390e+01   0.0000000e+00   4.2925781e-01   2.7497083e+02   3.1563698e+02   1.4394231e+01   4.9444103e+01   7.5203970e-01   6.4590370e+01   2.7903042e+03   8.3292665e+00
   1.2000000e+01   1.8800000e+02   2.0000000e+00   9.4800000e+00   5.6083333e+00   1.1198710e+02   0.0000000e+00   4.2925781e-01   2.8604388e+02   3.1563698e+02   8.2394012e+01   4.9609631e+01   6.2507197e+00   1.3825435e+02   5.9725884e+03   1.7828623e+01
   1.3000000e+01   1.8900000e+02   1.0000000e+00   1.1060000e+01   5.0662500e+00   6.4964630e+01   0.0000000e+00   4.2925781e-01   2.9767593e+02   3.1563698e+02   4.7003571e+01   3.6170479e+01   7.7215137e+00   9.0895569e+01   3.9266880e+03   1.1721457e+01
   1.4000000e+01   1.8900000e+02   2.0000000e+00   1.1200000e+01   5.9725000e+00   1.3001622e+02   0.0000000e+00   4.2925781e-01   3.0328915e+02   3.1563698e+02   1.1766839e+02   4.4597111e+01   1.2368012e+01   1.7463350e+02   7.5441675e+03   2.2519905e+01
   1.5000000e+01   1.9000000e+02   1.0000000e+00   1.0960000e+01   5.1250000e+00   4.9855865e+01   0.0000000e+00   4.2925781e-01   3.0746652e+02   3.1563698e+02   4.1685429e+01   4.2732792e+01   1.2536353e+01   9.6954559e+01   4.1884370e+03   1.2502798e+01
   1.6000000e+01   1.9000000e+02   2.0000000e+00   1.0080000e+01   5.0962500e+00   1.3301909e+02   0.0000000e+00   4.2925781e-01   3.0887119e+02   3.1563698e+02   1.2625323e+02   4.0745899e+01   1.0520752e+01   1.7751990e+02   7.6688594e+03   2.2892120e+01
   1.7000000e+01   1.9100000e+02   1.0000000e+00   8.2900000e+00   4.3268333e+00   6.8827644e+01   0.0000000e+00   4.2925781e-01   2.7617841e+02   3.1563698e+02   2.9369087e+01   4.6936279e+01   2.0813547e-01   7.6513504e+01   3.3053833e+03   9.8668165e+00
   1.8000000e+01   1.9100000e+02   2.0000000e+00   9.5900000e+00   4.8940417e+00   1.4467998e+02   0.0000000e+00   4.2925781e-01   2.7032162e+02   3.1563698e+02   9.9364647e+01   3.7918789e+01  -1.4002540e+00   1.3588319e+02   5.8701533e+03   1.7522844e+01
   1.9000000e+01   1.9200000e+02   1.0000000e+00   7.4890000e+00   3.4135833e+00   6.8040947e+01   0.0000000e+00   4.2925781e-01   2.8394464e+02   3.1563698e+02   3.6348621e+01   3.7455376e+01  -4.7272207e-01   7.3331276e+01   3.1679111e+03   9.4564514e+00
   2.0000000e+01   1.9200000e+02   2.0000000e+00   7.6340000e+00   3.6300417e+00   1.4003912e+02   0.0000000e+00   4.2925781e-01   2.9313416e+02   3.1563698e+02   1.1753629e+02   2.0288931e+01   2.3947378e+00   1.4021997e+02   6.0575029e+03   1.8082096e+01
   2.1000000e+01   1.9300000e+02   1.0000000e+00   4.0780000e+00   2.1660833e+00   4.7345592e+01   0.0000000e+00   4.2925781e-01   3.1198929e+02   3.1563698e+02   4.3697910e+01   1.8112719e+01   4.1636944e+00   6.5974312e+01   2.8500903e+03   8.5077324e+00
   2.2000000e+01   1.9300000e+02   2.0000000e+00   4.3870000e+00   2.2472500e+00   6.6608185e+01   0.0000000e+00   4.2925781e-01   3.3293466e+02   3.1563698e+02   8.3905853e+01   6.6052604e+00   3.6728726e+00   9.4183990e+01   4.0687478e+03   1.2145515e+01
   2.3000000e+01   1.9400000e+02   1.0000000e+00   4.0490000e+00   2.4587083e+00   7.1194199e+01   0.0000000e+00   4.2925781e-01   3.0958850e+02   3.1563698e+02   6.5145721e+01   9.6734152e+00   2.2520246e+00   7.7071159e+01   3.3294744e+03   9.9387293e+00
   2.4000000e+01   1.9400000e+02   2.0000000e+00   6.0910000e+00   3.5077500e+00   1.3805586e+02   0.0000000e+00   4.2925781e-01   2.9500793e+02   3.1563698e+02   1.1742681e+02   1.2661137e+01   1.6289678e+00   1.3171689e+02   5.6901709e+03   1.6985582e+01
   2.5000000e+01   1.9500000e+02   1.0000000e+00   6.0340000e+00   2.6168750e+00   6.3096333e+01   0.0000000e+00   4.2925781e-01   2.9828775e+02   3.1563698e+02   4.5747082e+01   1.0725227e+01   9.1900491e-01   5.7391312e+01   2.4793047e+03   7.4009094e+00
   2.6000000e+01   1.9500000e+02   2.0000000e+00   7.2540000e+00   3.6047500e+00   1.1206564e+02   0.0000000e+00   4.2925781e-01   2.9848883e+02   3.1563698e+02   9.4917473e+01   1.3153226e+01   2.1698795e+00   1.1024060e+02   4.7623931e+03   1.4216100e+01
   2.7000000e+01   1.9600000e+02   1.0000000e+00   7.5740000e+00   4.0533750e+00   5.9619625e+01   0.0000000e+00   4.2925781e-01   2.9144412e+02   3.1563698e+02   3.5426777e+01   2.7025110e+01   3.1508148e+00   6.5602699e+01   2.8340369e+03   8.4598112e+00
   2.8000000e+01   1.9600000e+02   2.0000000e+00   9.8700000e+00   5.0820833e+00   9.7317497e+01   0.0000000e+00   4.2925781e-01   2.9196979e+02   3.1563698e+02   7.3650291e+01   3.0173784e+01   5.0648305e+00   1.0888889e+02   4.7040005e+03   1.4041794e+01
   2.9000000e+01   1.9700000e+02   1.0000000e+00   9.7200000e+00   4.6766667e+00   5.7244450e+01   0.0000000e+00   4.2925781e-01   2.8154898e+02   3.1563698e+02   2.3156462e+01   2.4521677e+01   1.0546548e+00   4.8732800e+01   2.1166821e+03   6.3184538e+00
   3.0000000e+01   1.9700000e+02   2.0000000e+00   9.4800000e+00   4.4509167e+00   1.0380933e+02   0.0000000e+00   4.2925781e-01   2.7176764e+02   3.1563698e+02   5.9939960e+01   3.0572489e+01  -2.1783293e+00   8.8334129e+01   3.8270222e+03   1.1423948e+01
   3.1000000e+01   1.9800000e+02   1.0000000e+00   6.5810000e+00   2.6545833e+00   5.6862492e+01   0.0000000e+00   4.2925781e-01   2.8935519e+02   3.1563698e+02   3.0580702e+01   2.3751749e+01  -1.0169069e+00   5.3315548e+01   2.3032317e+03   6.8753176e+00
   3.2000000e+01   1.9800000e+02   2.0000000e+00   5.6800000e+00   3.6683333e+00   1.0282697e+02   0.0000000e+00   4.2925781e-01   2.8328763e+02   3.1563698e+02   7.0477623e+01   3.1624136e+01  -1.5853567e-01   1.0194323e+02   4.4039473e+03   1.3146112e+01
   3.3000000e+01   1.9900000e+02   1.0000000e+00   9.0500000e+00   3.7533333e+00   4.8522320e+01   0.0000000e+00   4.2925781e-01   2.7523459e+02   3.1563698e+02   8.1198997e+00   5.6188709e+01  -4.1016236e+00   6.0206985e+01   2.6009419e+03   7.7640052e+00
   3.4000000e+01   1.9900000e+02   2.0000000e+00   8.8300000e+00   4.3531250e+00   8.8888184e+01   0.0000000e+00   4.2925781e-01   2.7731616e+02   3.1563698e+02   5.0567341e+01   5.7946747e+01  -1.8900630e+00   1.0662403e+02   4.6061582e+03   1.3749725e+01
   3.5000000e+01   2.0000000e+02   1.0000000e+00   5.0340000e+00   1.9700000e+00   4.4456375e+01   0.0000000e+00   4.2925781e-01   3.1291037e+02   3.1563698e+02   4.1729763e+01   1.4627164e+01   3.7655052e+00   6.0122433e+01   2.5972891e+03   7.7531013e+00
   3.6000000e+01   2.0000000e+02   2.0000000e+00   4.6970000e+00   2.3455417e+00   6.3721272e+01   0.0000000e+00   4.2925781e-01   3.1408694e+02   3.1563698e+02   6.2171249e+01   2.4844194e+01   6.9083895e+00   9.3923836e+01   4.0575098e+03   1.2111970e+01
   3.7000000e+01   2.0100000e+02   1.0000000e+00   4.0560000e+00   1.2904167e+00   4.6695374e+01   0.0000000e+00   4.2925781e-01   3.2216959e+02   3.1563698e+02   5.3227985e+01   1.1632668e+01   4.6999459e+00   6.9560600e+01   3.0050178e+03   8.9702034e+00
   3.8000000e+01   2.0100000e+02   2.0000000e+00   1.6910000e+00   1.5223333e+00   5.8681213e+01   0.0000000e+00   4.2925781e-01   3.2467334e+02   3.1563698e+02   6.7717590e+01   1.6760353e+01   7.8074983e+00   9.2285454e+01   3.9867310e+03   1.1900689e+01
   3.9000000e+01   2.0200000e+02   1.0000000e+00   4.2230000e+00   2.0763750e+00   4.2542324e+01   0.0000000e+00   4.2925781e-01   3.2362857e+02   3.1563698e+02   5.0533920e+01   3.2862167e+01   1.4756214e+01   9.8152306e+01   4.2401792e+03   1.2657251e+01
   4.0000000e+01   2.0200000e+02   2.0000000e+00   5.0190000e+00   3.2127083e+00   7.9742485e+01   0.0000000e+00   4.2925781e-01   2.9748477e+02   3.1563698e+02   6.1590302e+01   3.2463009e+01   3.7479938e+00   9.7801300e+01   4.2250161e+03   1.2611989e+01
   4.1000000e+01   2.0300000e+02   1.0000000e+00   7.0180000e+00   3.5491667e+00   5.1608082e+01   0.0000000e+00   4.2925781e-01   3.0248206e+02   3.1563698e+02   3.8453182e+01   2.4723654e+01   4.7028395e+00   6.7879669e+01   2.9324019e+03   8.7534389e+00
   4.2000000e+01   2.0300000e+02   2.0000000e+00   7.3690000e+00   3.6764583e+00   7.4187943e+01   0.0000000e+00   4.2925781e-01   3.1579739e+02   3.1563698e+02   7.4348320e+01   1.9538805e+01   6.7076039e+00   1.0059473e+02   4.3456919e+03   1.2972218e+01
   4.3000000e+01   2.0400000e+02   1.0000000e+00   6.3470000e+00   3.1366250e+00   6.1078186e+01   0.0000000e+00   4.2925781e-01   3.1625833e+02   3.1563698e+02   6.1699558e+01   3.2033508e+01   1.1272011e+01   1.0500507e+02   4.5362192e+03   1.3540954e+01
   4.4000000e+01   2.0400000e+02   2.0000000e+00   9.1500000e+00   5.2479167e+00   1.1829022e+02   0.0000000e+00   4.2925781e-01   2.9924426e+02   3.1563698e+02   1.0189749e+02   2.2875320e+01   5.2727064e+00   1.3004552e+02   5.6179673e+03   1.6770048e+01
   4.5000000e+01   2.0500000e+02   1.0000000e+00   9.8900000e+00   4.8841667e+00   5.1495270e+01   0.0000000e+00   4.2925781e-01   2.9319986e+02   3.1563698e+02   2.9058130e+01   3.0610481e+01   5.3984365e+00   6.5067047e+01   2.8108962e+03   8.3907356e+00
   4.6000000e+01   2.0500000e+02   2.0000000e+00   1.0260000e+01   4.4513750e+00   1.0411954e+02   0.0000000e+00   4.2925781e-01   2.9877975e+02   3.1563698e+02   8.7262329e+01   3.1143068e+01   7.1767228e+00   1.2558213e+02   5.4251479e+03   1.6194471e+01
   4.7000000e+01   2.0600000e+02   1.0000000e+00   5.5670000e+00   3.1511250e+00   5.8012447e+01   0.0000000e+00   4.2925781e-01   3.1363754e+02   3.1563698e+02   5.6012997e+01   3.5396236e+01   1.1257093e+01   1.0266632e+02   4.4351851e+03   1.3239357e+01
   4.8000000e+01   2.0600000e+02   2.0000000e+00   7.4110000e+00   3.6175000e+00   9.6261353e+01   0.0000000e+00   4.2925781e-01   3.2299545e+02   3.1563698e+02   1.0361977e+02   3.5069111e+01   1.5417634e+01   1.5410654e+02   6.6574023e+03   1.9872845e+01
   4.9000000e+01   2.0700000e+02   1.0000000e+00   8.3500000e+00   3.9083333e+00   4.1491821e+01   0.0000000e+00   4.2925781e-01   3.2848038e+02   3.1563698e+02   5.4335247e+01   3.0948282e+01   1.4405339e+01   9.9688866e+01   4.3065591e+03   1.2855400e+01
   5.0000000e+01   2.0700000e+02   2.0000000e+00   7.4180000e+00   3.4929583e+00   4.8344875e+01   0.0000000e+00   4.2925781e-01   3.2357715e+02   3.1563698e+02   5.6285038e+01   4.3672909e+01   1.8724653e+01   1.1868261e+02   5.1270889e+03   1.5304743e+01
   5.1000000e+01   2.0800000e+02   1.0000000e+00   5.6140000e+00   2.7879583e+00   4.4374451e+01   0.0000000e+00   4.2925781e-01   3.1056644e+02   3.1563698e+02   3.9303905e+01   3.5252392e+01   8.8602748e+00   8.3416565e+01   3.6035957e+03   1.0757002e+01
   5.2000000e+01   2.0800000e+02   2.0000000e+00   5.7250000e+00   3.1617083e+00   9.7764160e+01   0.0000000e+00   4.2925781e-01   2.9055057e+02   3.1563698e+02   7.2677750e+01   3.0836449e+01   3.2790653e-01   1.0384210e+02   4.4859790e+03   1.3390982e+01
   5.3000000e+01   2.0900000e+02   1.0000000e+00   6.3210000e+00   3.2377500e+00   5.4627182e+01   0.0000000e+00   4.2925781e-01   2.8701764e+02   3.1563698e+02   2.6007813e+01   2.1281420e+01   2.6999485e-01   4.7559231e+01   2.0545586e+03   6.1330113e+00
   5.4000000e+01   2.0900000e+02   2.0000000e+00   8.0600000e+00   4.3000000e+00   1.1842315e+02   0.0000000e+00   4.2925781e-01   2.8506247e+02   3.1563698e+02   8.7848656e+01   2.3233221e+01   1.4416712e+00   1.1252356e+02   4.8610176e+03   1.4510499e+01
   5.5000000e+01   2.1000000e+02   1.0000000e+00   7.9940000e+00   4.1280833e+00   5.2798187e+01   0.0000000e+00   4.2925781e-01   2.6960602e+02   3.1563698e+02   6.7672324e+00   3.5124325e+01  -3.5990131e+00   3.8292542e+01   1.6542378e+03   4.9380231e+00
   5.6000000e+01   2.1000000e+02   2.0000000e+00   9.8300000e+00   4.9741667e+00   1.0261463e+02   0.0000000e+00   4.2925781e-01   2.8743774e+02   3.1563698e+02   7.4415390e+01   3.6821369e+01   4.4843117e+00   1.1572108e+02   4.9991509e+03   1.4922839e+01
   5.7000000e+01   2.1100000e+02   1.0000000e+00   9.5200000e+00   4.8483333e+00   4.1960537e+01   0.0000000e+00   4.2925781e-01   3.1584006e+02   3.1563698e+02   4.2163631e+01   5.0996456e+01   1.9233459e+01   1.1239355e+02   4.8554014e+03   1.4493734e+01
   5.8000000e+01   2.1100000e+02   2.0000000e+00   1.1410000e+01   5.8420833e+00   6.9555420e+01   0.0000000e+00   4.2925781e-01   3.0830966e+02   3.1563698e+02   6.2228123e+01   5.6243534e+01   1.7725908e+01   1.3619757e+02   5.8837344e+03   1.7563389e+01
   5.9000000e+01   2.1200000e+02   1.0000000e+00   1.1560000e+01   5.1895833e+00   4.7900242e+01   0.0000000e+00   4.2925781e-01   3.0515341e+02   3.1563698e+02   3.7416668e+01   4.8992157e+01   1.3700456e+01   1.0010928e+02   4.3247212e+03   1.2909615e+01
   6.0000000e+01   2.1200000e+02   2.0000000e+00   1.2170000e+01   5.0069583e+00   8.7575035e+01   0.0000000e+00   4.2925781e-01   3.1188095e+02   3.1563698e+02   8.3819023e+01   5.5702152e+01   1.9377446e+01   1.5889862e+02   6.8644204e+03   2.0490810e+01
   6.1000000e+01   2.1300000e+02   1.0000000e+00   8.4300000e+00   4.3784583e+00   3.8149937e+01   0.0000000e+00   4.2925781e-01   3.1835019e+02   3.1563698e+02   4.0863140e+01   4.9124344e+01   1.9186658e+01   1.0917416e+02   4.7163232e+03   1.4078577e+01
   6.2000000e+01   2.1300000e+02   2.0000000e+00   9.0700000e+00   4.7562500e+00   5.9435276e+01   0.0000000e+00   4.2925781e-01   3.2529434e+02   3.1563698e+02   6.9092613e+01   3.8393299e+01   1.7283454e+01   1.2476937e+02   5.3900366e+03   1.6089663e+01
